0107896226506401211000004855929
0107896226506401211000004856791
0107896226506401211000004857519
0107896226506401211000004858200
0107896226506401211000004859167
0107896226506401211000004860322
0107896226506401211000004861383
0107896226506401211000004862116
0107896226506401211000004863959
0107896226506401211000004864892
0107896226506401211000004865714
0107896226506401211000004866999
0107896226506401211000004867398
0107896226506401211000004868582
0107896226506401211000004869953
0107896226506401211000004870290
0107896226506401211000004871245
0107896226506401211000004872871
0107896226506401211000004873968
0107896226506401211000004874114
0107896226506401211000004875655
0107896226506401211000004876945
0107896226506401211000004877319
0107896226506401211000004878446
0107896226506401211000004879104
0107896226506401211000004880449
0107896226506401211000004881120
0107896226506401211000004882974
0107896226506401211000004883374
0107896226506401211000004884500
0107896226506401211000004885982
0107896226506401211000004886568
0107896226506401211000004887695
0107896226506401211000004888979
0107896226506401211000004889768
0107896226506401211000004890548
0107896226506401211000004891423
0107896226506401211000004892428
0107896226506401211000004893142
0107896226506401211000004894146
0107896226506401211000004895836
0107896226506401211000004896070
0107896226506401211000004897161
0107896226506401211000004898855
0107896226506401211000004899943
0107896226506401211000004900774
0107896226506401211000004901368
0107896226506401211000004902584
0107896226506401211000004903374
0107896226506401211000004904004
0107896226506401211000004905150
0107896226506401211000004906777
0107896226506401211000004907753
0107896226506401211000004908030
0107896226506401211000004909326
0107896226506401211000004910933
0107896226506401211000004911122
0107896226506401211000004912985
0107896226506401211000004913202
0107896226506401211000004914194
0107896226506401211000004915315
0107896226506401211000004916530
0107896226506401211000004917583
0107896226506401211000004918920
0107896226506401211000004919356
0107896226506401211000004920190
0107896226506401211000004921475
0107896226506401211000004922425
0107896226506401211000004923266
0107896226506401211000004924661
0107896226506401211000004925455
0107896226506401211000004926300
0107896226506401211000004927875
0107896226506401211000004928628
0107896226506401211000004929955
0107896226506401211000004930985
0107896226506401211000004931506
0107896226506401211000004932886
0107896226506401211000004933932
0107896226506401211000004934521
0107896226506401211000004935628
0107896226506401211000004936827
0107896226506401211000004937663
0107896226506401211000004938651
0107896226506401211000004939857
0107896226506401211000004940574
0107896226506401211000004941660
0107896226506401211000004942693
0107896226506401211000004943893
0107896226506401211000004944317
0107896226506401211000004945913
0107896226506401211000004946849
0107896226506401211000004947274
0107896226506401211000004948648
0107896226506401211000004949984
0107896226506401211000004950883
0107896226506401211000004951032
0107896226506401211000004952936
0107896226506401211000004953640
0107896226506401211000004954339
0107896226506401211000004955632
0107896226506401211000004956047
0107896226506401211000004957058
0107896226506401211000004958707
0107896226506401211000004960946