0107896226506487211000001474415
0107896226506487211000001488874
0107896226506487211000001489530
0107896226506487211000001490701
0107896226506487211000001491572
0107896226506487211000001810267
0107896226506487211000001811615
0107896226506487211000001812109
0107896226506487211000001813873
0107896226506487211000001814107
0107896226506487211000001815385
0107896226506487211000001816196
0107896226506487211000001817236
0107896226506487211000001818109
0107896226506487211000001819178
0107896226506487211000001820834
0107896226506487211000001821326
0107896226506487211000001822571
0107896226506487211000001823360
0107896226506487211000001824868
0107896226506487211000001825556
0107896226506487211000001826994
0107896226506487211000001827484
0107896226506487211000001828053
0107896226506487211000001829192
0107896226506487211000001830639
0107896226506487211000001831326
0107896226506487211000001834615
0107896226506487211000001835198
0107896226506487211000001836294
0107896226506487211000001837696
0107896226506487211000001838924
0107896226506487211000001839141
0107896226506487211000001840923
0107896226506487211000001841530
0107896226506487211000001842138
0107896226506487211000001843868
0107896226506487211000001844494
0107896226506487211000001845670
0107896226506487211000001846628
0107896226506487211000001847551
0107896226506487211000001848608
0107896226506487211000001849935
0107896226506487211000001850514
0107896226506487211000001851828
0107896226506487211000001852085
0107896226506487211000001853778
0107896226506487211000001854766
0107896226506487211000001855627
0107896226506487211000001856467
0107896226506487211000001857107
0107896226506487211000001858114
0107896226506487211000001859667
0107896226506487211000001860888
0107896226506487211000001861815
0107896226506487211000001862705
0107896226506487211000001870013
0107896226506487211000001871234
0107896226506487211000001872325
0107896226506487211000001873347
0107896226506487211000001874528
0107896226506487211000001875340
0107896226506487211000001876436
0107896226506487211000001877718
0107896226506487211000001878618
0107896226506487211000001879327
0107896226506487211000001880650
0107896226506487211000001881945
0107896226506487211000001882226
0107896226506487211000001883693
0107896226506487211000001884221
0107896226506487211000001885351
0107896226506487211000001886287
0107896226506487211000001887015
0107896226506487211000001888962
0107896226506487211000001889839
0107896226506487211000001890366
0107896226506487211000001891835
0107896226506487211000001892776
0107896226506487211000001893481
0107896226506487211000001894413
0107896226506487211000001895215
0107896226506487211000001896987
0107896226506487211000001897438
0107896226506487211000001898809
0107896226506487211000001899312
0107896226506487211000001900762
0107896226506487211000001901163
0107896226506487211000001902110
0107896226506487211000001903592
0107896226506487211000001904167
0107896226506487211000001905144
0107896226506487211000001906182
0107896226506487211000001907534
0107896226506487211000001908667
0107896226506487211000001909664
0107896226506487211000001910629
0107896226506487211000001911936
0107896226506487211000001912093
0107896226506487211000001913306
0107896226506487211000001914699
0107896226506487211000001915185
0107896226506487211000001916399
0107896226506487211000001917199
0107896226506487211000001918083