0107896226506487211000001376896
0107896226506487211000001377341
0107896226506487211000001378197
0107896226506487211000001379563
0107896226506487211000001380717
0107896226506487211000001381137
0107896226506487211000001382423
0107896226506487211000001383698
0107896226506487211000001384214
0107896226506487211000001385338
0107896226506487211000001386056
0107896226506487211000001387670
0107896226506487211000001388889
0107896226506487211000001389018
0107896226506487211000001390023
0107896226506487211000001391614
0107896226506487211000001392805
0107896226506487211000001393357
0107896226506487211000001394658
0107896226506487211000001395938
0107896226506487211000001396464
0107896226506487211000001397272
0107896226506487211000001398513
0107896226506487211000001399504
0107896226506487211000001400146
0107896226506487211000001402633
0107896226506487211000001403766
0107896226506487211000001404048
0107896226506487211000001405231
0107896226506487211000001406736
0107896226506487211000001407495
0107896226506487211000001408727
0107896226506487211000001409166
0107896226506487211000001410951
0107896226506487211000001411915
0107896226506487211000001412684
0107896226506487211000001413093
0107896226506487211000001414057
0107896226506487211000001415395
0107896226506487211000001416102
0107896226506487211000001417099
0107896226506487211000001418367
0107896226506487211000001419036
0107896226506487211000001420061
0107896226506487211000001421780
0107896226506487211000001422713
0107896226506487211000001423757
0107896226506487211000001424757
0107896226506487211000001425551
0107896226506487211000001426172
0107896226506487211000001427765
0107896226506487211000001429851
0107896226506487211000001430476
0107896226506487211000001431495
0107896226506487211000001432784
0107896226506487211000001433971
0107896226506487211000001434268
0107896226506487211000001435379
0107896226506487211000001436968
0107896226506487211000001437493
0107896226506487211000001438628
0107896226506487211000001439079
0107896226506487211000001440378
0107896226506487211000001441574
0107896226506487211000001442544
0107896226506487211000001443007
0107896226506487211000001444365
0107896226506487211000001445560
0107896226506487211000001446245
0107896226506487211000001447275
0107896226506487211000001449662
0107896226506487211000001450571
0107896226506487211000001451412
0107896226506487211000001452340
0107896226506487211000001453682
0107896226506487211000001454801
0107896226506487211000001455463
0107896226506487211000001456148
0107896226506487211000001457018
0107896226506487211000001458609
0107896226506487211000001459336
0107896226506487211000001460386
0107896226506487211000001461438
0107896226506487211000001462077
0107896226506487211000001463501
0107896226506487211000001464989
0107896226506487211000001465354
0107896226506487211000001466923
0107896226506487211000001467398
0107896226506487211000001468959
0107896226506487211000001469583
0107896226506487211000001481606
0107896226506487211000001482568
0107896226506487211000001483188
0107896226506487211000001484516
0107896226506487211000001485792
0107896226506487211000001486556
0107896226506487211000001487653
0107896226506487211000001492354
0107896226506487211000001493227
0107896226506487211000001494103
0107896226506487211000001495416
0107896226506487211000001496393
0107896226506487211000001497789
0107896226506487211000001498537